Prueba/Flux_Spectrum.dat
# %ECSV 1.0
# ---
# datatype:
# - {name: Frequency ratio, datatype: float64}
# - {name: Flux spectrum, datatype: float64}
# meta: {name: Flux Spectrum Table}
# schema: astropy-2.0
"Frequency ratio" "Flux spectrum"
[from data line 586]
5.87 0.2647475040737311
5.88 0.26441205946615604
5.89 0.26407759607832826
5.8999999999999995 0.26374410946758237
5.91 0.26341159521815394
5.92 0.2630800489409127
5.93 0.26274946627321544
5.9399999999999995 0.2624198428786809
5.95 0.2620911744470042
5.96 0.2617634566937744
5.97 0.26143668536025166
5.9799999999999995 0.2611108562132379
5.99 0.2607859650447951
6.0 0.26046200767215105
6.01 0.2601389799374653
6.02 0.2598168777076623
6.03 0.2594956968742157
6.04 0.2591754333530335
6.05 0.2588560830842225
6.06 0.2585376420319262
6.07 0.258220106184155
6.08 0.2579034715526261
6.09 0.2575877341725391
6.1 0.25727289010249654
6.11 0.2569589354242111
6.12 0.25664586624245567
6.13 0.2563336786848118
6.14 0.2560223689015755
6.15 0.25571193306550377
6.16 0.25540236737173394
6.17 0.2550936680375998
6.18 0.2547858313024476
6.1899999999999995 0.2544788534274861
6.2 0.25417273069564267
6.21 0.2538674594114139
6.22 0.25356303590067336
6.2299999999999995 0.2532594565105728
6.24 0.2529567176093288
6.25 0.25265481558612873
6.26 0.2523537468509352
6.27 0.2520535078343715
6.28 0.2517540949875506
6.29 0.25145550478194584
6.3 0.2511577337092524
6.31 0.2508607782812162
6.32 0.2505646350295121
6.33 0.2502693005055807
6.34 0.24997477128055276
6.35 0.24968104394501175
6.36 0.24938811510894704
6.37 0.24909598140154843
6.38 0.24880463947112783
6.39 0.24851408598495214
6.4 0.24822431762909214
6.41 0.24793533110834545
6.42 0.2476471231460646
6.43 0.2473596904840386
6.4399999999999995 0.24707302988237353
6.45 0.24678713811932645
6.46 0.24650201199124466
6.47 0.24621764831236861
6.4799999999999995 0.24593404391477758
6.49 0.24565119564818863
6.5 0.24536910037991455
6.51 0.24508775499467622
6.52 0.24480715639452996
6.53 0.24452730149871024
6.54 0.2442481872435548
6.55 0.2439698105823108
6.56 0.24369216848513553
6.57 0.24341525793884547
6.58 0.24313907594692458
6.59 0.24286361952931884
6.6 0.24258888572238346
6.61 0.24231487157872694
6.62 0.2420415741671377
6.63 0.24176899057245932
6.64 0.2414971178954504
6.65 0.24122595325271934
6.66 0.24095549377663497
6.67 0.24068573661512485
6.68 0.2404166789316781
6.6899999999999995 0.2401483179051747
6.7 0.23988065072979556
6.71 0.23961367461495048
6.72 0.23934738678511097
6.7299999999999995 0.23908178447977846
6.74 0.2388168649533323
6.75 0.23855262547496459
6.76 0.23828906332853508
6.77 0.23802617581254149
6.78 0.23776396023995808
6.79 0.23750241393816615
6.8 0.23724153424887345
6.81 0.2369813185279813
6.82 0.23672176414550822
6.83 0.23646286848551712
6.84 0.23620462894598054
6.85 0.23594704293873126
6.86 0.23569010788932507
6.87 0.23543382123699158
6.88 0.23517818043452568
6.89 0.234923182948187
6.9 0.2346688262576368
6.91 0.2344151078558299
6.92 0.23416202524893237
6.93 0.23390957595623646
6.9399999999999995 0.23365775751006107
6.95 0.2334065674557081
6.96 0.2331560033513201
6.97 0.23290606276783893
6.9799999999999995 0.23265674328890862
6.99 0.23240804251076733
7.0 0.23215995804224196
7.01 0.23191248750454735
7.02 0.23166562853131895
7.03 0.23141937876849344
7.04 0.23117373587416595
7.05 0.23092869751861392
7.06 0.23068426138416884
7.07 0.23044042516512514
7.08 0.2301971865676722
7.09 0.22995454330983697
7.1 0.22971249312140685
7.11 0.22947103374381925
7.12 0.22923016293010665
7.13 0.22898987844485538
7.14 0.2287501780640715
7.15 0.22851105957515055
7.16 0.22827252077678628
7.17 0.228034559478925
7.18 0.22779717350264372
7.1899999999999995 0.22756036068010524
7.2 0.22732411885454626
7.21 0.22708844588008273
7.22 0.22685333962174883
7.2299999999999995 0.226618797955385
7.24 0.22638481876757616
7.25 0.22615139995554692
7.26 0.22591853942718776
7.27 0.22568623510088232
7.28 0.2254544849055135
7.29 0.2252232867803338
7.3 0.22499263867500235
7.31 0.22476253854940598
7.32 0.2245329843736639
7.33 0.22430397412801298
7.34 0.2240755058028313
7.35 0.2238475773984778
7.36 0.22362018692528712
7.37 0.22339333240349452
7.38 0.22316701186315605
7.39 0.22294122334411223
7.4 0.22271596489593248
7.41 0.22249123457780495
7.42 0.22226703045857346
7.43 0.2220433506165384
7.4399999999999995 0.22182019313955467
7.45 0.22159755612482812
7.46 0.22137543767897722
7.47 0.2211538359179103
7.4799999999999995 0.22093274896673437
7.49 0.22071217495981674
7.5 0.22049211204060926
7.51 0.2202725583616603
7.52 0.22005351208454235
7.53 0.2198349713797638
7.54 0.21961693442676825
7.55 0.21939939941385067
7.56 0.2191823645381275
7.57 0.21896582800544068
7.58 0.21874978803031636
7.59 0.21853424283596382
7.6 0.2183191906541551
7.61 0.21810462972519715
7.62 0.21789055829790896
7.63 0.2176769746295161
7.64 0.21746387698565686
7.65 0.21725126364030609
7.66 0.21703913287566878
7.67 0.21682748298226107
7.68 0.2166163122587098
7.6899999999999995 0.2164056190118487
7.7 0.21619540155656988
7.71 0.21598565821577242
7.72 0.21577638732037646
7.7299999999999995 0.2155675872092723
7.74 0.21535925622918745
7.75 0.2151513927347468
7.76 0.21494399508834092
7.77 0.21473706166015227
7.78 0.2145305908280441
7.79 0.2143245809775527
7.8 0.21411903050183656
7.81 0.21391393780161758
7.82 0.21370930128517254
7.83 0.21350511936824265
7.84 0.2133013904739937
7.85 0.2130981130330275
7.86 0.2128952854832548
7.87 0.2126929062699534
7.88 0.21249097384559187
7.89 0.21228948666993663
7.9 0.21208844320988493
7.91 0.2118878419395254
7.92 0.2116876813399815
7.93 0.21148795989946514
7.94 0.21128867611322988
7.95 0.21108982848346158
7.96 0.21089141551932405
7.97 0.21069343573680388
7.9799999999999995 0.2104958876588307
7.99 0.21029876981507803
8.0 0.2101020807420597
8.01 0.20990581898294616
8.02 0.20970998308767919
8.03 0.20951457161282488
8.04 0.20931958312154567
8.05 0.20912501618363313
8.06 0.20893086937541883
8.07 0.2087371412796841
8.08 0.20854383048577485
8.09 0.20835093558936799
8.1 0.2081584551925872
8.11 0.20796638790393515
8.12 0.20777473233820543
8.13 0.20758348711649893
8.14 0.20739265086611675
8.15 0.2072022222206434
8.16 0.20701219981980132
8.17 0.2068225823094748
8.18 0.20663336834167398
8.19 0.20644455657441582
8.2 0.2062561456718416
8.209999999999999 0.20606813430406126
8.22 0.20588052114714944
8.23 0.2056933048831235
8.24 0.20550648419994783
8.25 0.20532005779138973
8.26 0.2051340243571177
8.27 0.2049483826025872
8.28 0.2047631312389958
8.29 0.20457826898333026
8.3 0.20439379455824377
8.31 0.20420970669213517
8.32 0.2040260041189704
8.33 0.20384268557837248
8.34 0.20365974981554177
8.35 0.20347719558124794
8.36 0.2032950216317388
8.37 0.20311322672878943
8.38 0.20293180963962384
8.39 0.20275076913690998
8.4 0.20257010399869468
8.41 0.20238981300838996
8.42 0.20220989495478997
8.43 0.20203034863195882
8.44 0.2018511728392623
8.45 0.20167236638129346
8.459999999999999 0.20149392806792094
8.47 0.2013158567141614
8.48 0.20113815114022113
8.49 0.20096081017143144
8.5 0.2007838326382387
8.51 0.2006072173762033
8.52 0.20043096322586768
8.53 0.20025506903289098
8.54 0.20007953364784126
8.55 0.1999043559263504
8.56 0.1997295347289242
8.57 0.19955506892102393
8.58 0.1993809573729666
8.59 0.19920719896000375
8.6 0.1990337925621712
8.61 0.19886073706431678
8.62 0.19868803135609117
8.63 0.1985156743319021
8.64 0.19834366489090294
8.65 0.19817200193694529
8.66 0.19800068437856638
8.67 0.19782971112898892
8.68 0.19765908110600985
8.69 0.19748879323209795
8.7 0.19731884643425734
8.71 0.19714923964412592
8.72 0.19697997179778864
8.73 0.19681104183587675
8.74 0.19664244870355593
8.75 0.19647419135040253
8.76 0.19630626873041723
8.77 0.19613867980207816
8.78 0.19597142352823166
8.79 0.1958044988760458
8.8 0.19563790481710544
8.81 0.19547164032729264
8.82 0.1953057043868087
8.83 0.19514009598005655
8.84 0.19497481409579392
8.85 0.19480985772696857
8.86 0.1946452258707211
8.87 0.19448091752842947
8.88 0.19431693170556125
8.89 0.19415326741182654
8.9 0.19398992366095655
8.91 0.19382689947088835
8.92 0.19366419386354727
8.93 0.19350180586498572
8.94 0.19333973450524933
8.95 0.1931779788184165
8.96 0.1930165378425496
8.97 0.19285541061971467
8.98 0.19269459619591248
8.99 0.19253409362105167
9.0 0.19237390194902015
9.01 0.19221402023753167
9.02 0.19205444754823164
9.03 0.1918951829465507
9.04 0.191736225501819
9.05 0.1915775742871549
9.06 0.19141922837942388
9.07 0.19126118685932664
9.08 0.19110344881131297
9.09 0.19094601332356886
9.1 0.19078887948793855
9.11 0.1906320464000038
9.12 0.19047551315907177
9.13 0.1903192788680423
9.14 0.1901633426334603
9.15 0.19000770356553287
9.16 0.18985236077802514
9.17 0.1896973133883436
9.18 0.18954256051738622
9.19 0.18938810128966524
9.2 0.18923393483316822
9.21 0.18908006027946486
9.22 0.18892647676357863
9.23 0.188773183423992
9.24 0.1886201794026724
9.25 0.1884674638450328
9.26 0.1883150358999127
9.27 0.18816289471952213
9.28 0.18801103945949327
9.29 0.18785946927883768
9.3 0.18770818333989495
9.31 0.18755718080839046
9.32 0.1874064608533397
9.33 0.18725602264703142
9.34 0.18710586536512167
9.35 0.18695598818648498
9.36 0.1868063902932336
9.37 0.18665707087079006
9.38 0.18650802910777395
9.39 0.18635926419596913
9.4 0.18621077533037467
9.41 0.18606256170921823
9.42 0.18591462253381222
9.43 0.18576695700867288
9.44 0.1856195643413917
9.45 0.18547244374271085
9.46 0.1853255944264712
9.47 0.18517901560961314
9.48 0.185032706512049
9.49 0.1848866663568645
9.5 0.18474089437014674
9.51 0.18459538978095746
9.52 0.18445015182139254
9.53 0.1843051797265737
9.54 0.18416047273457103
9.55 0.18401603008641218
9.56 0.1838718510260845
9.57 0.18372793480050045
9.58 0.18358428065955015
9.59 0.18344088785592727
9.6 0.18329775564532655
9.61 0.18315488328619317
9.62 0.1830122700399721
9.63 0.18286991517087603
9.64 0.18272781794596343
9.65 0.1825859776351488
9.66 0.1824443935111094
9.67 0.1823030648493466
9.68 0.1821619909281128
9.69 0.18202117102849338
9.7 0.18188060443425702
9.71 0.18174029043195833
9.72 0.18160022831087275
9.73 0.1814604173629585
9.74 0.18132085688291003
9.75 0.18118154616810797
9.76 0.18104248451859628
9.77 0.1809036712370532
9.78 0.1807651056289223
9.79 0.18062678700214085
9.8 0.18048871466735897
9.81 0.18035088793778895
9.82 0.18021330612928188
9.83 0.18007596856029895
9.84 0.17993887455177623
9.85 0.17980202342735363
9.86 0.17966541451309437
9.87 0.1795290471376363
9.88 0.17939292063223847
9.89 0.17925703433051568
9.9 0.17912138756871246
9.91 0.17898597968546046
9.92 0.17885081002200962
9.93 0.17871587792197466
9.94 0.178581182731384
9.95 0.17844672379886367
9.96 0.17831250047529745
9.97 0.1781785121141389
9.98 0.17804475807116527
9.99 0.17791123770457223
10.0 0.17777795037492555
