Prueba/Flux_Spectrum.dat
# %ECSV 1.0
# ---
# datatype:
# - {name: Frequency ratio, datatype: float64}
# - {name: Flux spectrum, unit: J / m2, datatype: float64}
# meta:
#   __serialized_columns__:
#     Flux spectrum:
#       __class__: astropy.units.quantity.Quantity
#       unit: !astropy.units.Unit {unit: J / m2}
#       value: !astropy.table.SerializedColumn {name: Flux spectrum}
#     Frequency ratio:
#       __class__: astropy.units.quantity.Quantity
#       unit: !astropy.units.Unit {unit: ''}
#       value: !astropy.table.SerializedColumn {name: Frequency ratio}
#   name: Flux Spectrum Table
# schema: astropy-2.0
"Frequency ratio" "Flux spectrum"
[from data line 422]
4.281981981981982 0.3344607081784725
4.291891891891892 0.3338923899271431
4.301801801801802 0.33332626261249404
4.311711711711712 0.33276231352841557
4.321621621621622 0.3322005300625522
4.331531531531532 0.33164089969551924
4.341441441441441 0.33108341000013425
4.351351351351352 0.3305280486406718
4.361261261261261 0.3299748033720733
4.371171171171171 0.3294236620392366
4.381081081081081 0.32887461257622536
4.390990990990991 0.3283276430055737
4.4009009009009015 0.32778274143752034
4.410810810810811 0.32723989606929005
4.420720720720721 0.3266990951843755
4.430630630630631 0.32616032715182897
4.440540540540541 0.32562358042551715
4.45045045045045 0.3250888435434557
4.460360360360361 0.32455610512708905
4.47027027027027 0.3240253538805974
4.48018018018018 0.32349657859020714
4.49009009009009 0.3229697681235215
4.5 0.3224449114288228
4.5099099099099105 0.32192199753442224
4.51981981981982 0.32140101554796535
4.52972972972973 0.32088195465581115
4.53963963963964 0.3203648041223313
4.54954954954955 0.31984955328930365
4.559459459459459 0.31933619157523074
4.56936936936937 0.31882470847473404
4.579279279279279 0.3183150935578911
4.589189189189189 0.3178073364696318
4.599099099099099 0.3173014269290846
4.609009009009009 0.3167973547290055
4.6189189189189195 0.316295109735116
4.628828828828829 0.3157946818855291
4.638738738738739 0.31529606119014214
4.648648648648649 0.3147992377300176
4.658558558558559 0.3143042016568197
4.668468468468468 0.31381094319222164
4.678378378378379 0.31331945262730887
4.688288288288288 0.31282972032201706
4.698198198198198 0.31234173670455584
4.708108108108108 0.31185549227084153
4.718018018018018 0.31137097758393784
4.7279279279279285 0.31088818327350304
4.737837837837838 0.3104071000352167
4.747747747747748 0.3099277186302729
4.757657657657658 0.30945002988479314
4.767567567567568 0.3089740246893188
4.777477477477477 0.30849969399826754
4.787387387387388 0.3080270288294054
4.797297297297297 0.3075560202633228
4.807207207207207 0.3070866594429309
4.817117117117117 0.306618937572917
4.827027027027027 0.3061528459192547
4.8369369369369375 0.30568837580870895
4.846846846846847 0.30522551862829905
4.856756756756757 0.3047642658248474
4.866666666666667 0.30430460890445077
4.876576576576577 0.3038465394320184
4.886486486486486 0.3033900490307676
4.896396396396397 0.30293512938175315
4.906306306306306 0.30248177222340916
4.916216216216217 0.3020299693510489
4.926126126126126 0.3015797126164234
4.936036036036036 0.3011309939272351
4.9459459459459465 0.30068380524670724
4.955855855855856 0.3002381385931193
4.965765765765766 0.2997939860393353
4.975675675675676 0.29935133971239986
4.985585585585586 0.29891019179306016
4.995495495495495 0.2984705345153452
5.005405405405406 0.2980323601661238
5.015315315315315 0.2975956610846815
5.025225225225226 0.29716042966230266
5.035135135135135 0.2967266583418169
5.045045045045045 0.2962943396172187
5.0549549549549555 0.2958634660332183
5.064864864864865 0.2954340301848611
5.074774774774775 0.2950060247170972
5.084684684684685 0.294579442324389
5.094594594594595 0.2941542757503021
5.104504504504504 0.2937305177871276
5.114414414414415 0.29330816127546827
5.124324324324324 0.29288719910384353
5.134234234234235 0.2924676242083481
5.1441441441441444 0.2920494295722106
5.154054054054054 0.29163260822544673
5.1639639639639645 0.29121715324449315
5.173873873873874 0.2908030577518021
5.183783783783784 0.2903903149155061
5.193693693693694 0.28997891794902125
5.203603603603604 0.28956886011071387
5.213513513513513 0.28916013470352675
5.223423423423424 0.2887527350746126
5.233333333333333 0.2883466546150074
5.243243243243244 0.28794188675925647
5.2531531531531535 0.2875384249850777
5.263063063063063 0.2871362628130384
5.2729729729729735 0.28673539380616336
5.282882882882883 0.28633581156965054
5.292792792792793 0.28593750975050375
5.302702702702703 0.2855404820372271
5.312612612612613 0.28514472215946723
5.322522522522522 0.2847502238877172
5.332432432432433 0.28435698103297025
5.342342342342342 0.28396498744641574
5.352252252252253 0.2835742370191208
5.3621621621621625 0.28318472368168907
5.372072072072072 0.2827964414040116
5.3819819819819825 0.2824093841948811
5.391891891891892 0.28202354610175745
5.401801801801802 0.2816389212104168
5.411711711711712 0.28125550364467145
5.421621621621622 0.2808732875660559
5.431531531531531 0.28049226717357356
5.441441441441442 0.28011243670334207
5.451351351351351 0.27973379042836116
5.461261261261262 0.2793563226581893
5.4711711711711715 0.27898002773867503
5.481081081081081 0.2786049000516824
5.4909909909909915 0.27823093401477256
5.500900900900901 0.2778581240809877
5.510810810810811 0.27748646473853095
5.520720720720721 0.27711595051048604
5.530630630630631 0.2767465759546134
5.540540540540541 0.2763783356629898
5.550450450450451 0.27601122426182795
5.56036036036036 0.27564523641116234
5.570270270270271 0.2752803668046041
5.5801801801801805 0.27491661016908087
5.59009009009009 0.27455396126460685
5.6000000000000005 0.2741924148839712
5.60990990990991 0.27383196585253655
5.61981981981982 0.2734726090279977
5.62972972972973 0.27311433930006807
5.63963963963964 0.27275715159031405
5.64954954954955 0.2724010408518674
5.65945945945946 0.27204600206920043
5.669369369369369 0.2716920302578609
5.67927927927928 0.27133912046428565
5.6891891891891895 0.2709872677655207
5.699099099099099 0.27063646726901935
5.7090090090090095 0.27028671411238636
5.718918918918919 0.26993800346317204
5.728828828828829 0.26959033051862835
5.738738738738739 0.26924369050551245
5.748648648648649 0.2688980786798223
5.758558558558559 0.26855349032662307
5.768468468468469 0.2682099207597825
5.778378378378378 0.2678673653218056
5.788288288288289 0.2675258193835652
5.7981981981981985 0.26718527834413697
5.808108108108108 0.26684573763055536
5.8180180180180185 0.26650719269762574
5.827927927927928 0.26616963902771495
5.837837837837838 0.2658330721305251
5.847747747747748 0.2654974875429131
5.857657657657658 0.26516288082867956
5.867567567567568 0.2648292475783659
5.877477477477478 0.2644965834090787
5.887387387387387 0.26416488396425436
5.897297297297298 0.26383414491349366
5.9072072072072075 0.2635043619523493
5.917117117117117 0.2631755308021622
5.9270270270270276 0.262847647209827
5.936936936936937 0.26252070694766677
5.946846846846847 0.2621947058131858
5.956756756756757 0.26186963962889853
5.966666666666667 0.26154550424218187
5.976576576576577 0.26122229552504966
5.986486486486487 0.26090000937399027
5.996396396396396 0.2605786417098083
6.006306306306307 0.2602581884773906
6.0162162162162165 0.25993864564560387
6.026126126126126 0.25962000920704575
6.036036036036037 0.25930227517794074
6.045945945945946 0.25898543959791154
6.055855855855857 0.2586694985298531
6.065765765765766 0.2583544480597432
6.075675675675676 0.25804028429646175
6.085585585585586 0.2577270033716592
6.095495495495496 0.25741460143955797
6.105405405405405 0.2571030746768176
6.115315315315316 0.25679241928234575
6.1252252252252255 0.2564826314771878
6.135135135135135 0.25617370750428337
6.145045045045046 0.25586564362840886
6.154954954954955 0.25555843613592716
6.164864864864866 0.25525208133471883
6.174774774774775 0.25494657555394223
6.184684684684685 0.2546419151439706
6.194594594594595 0.2543380964761709
6.204504504504505 0.25403511594277833
6.2144144144144144 0.2537329699567647
6.224324324324325 0.25343165495164693
6.2342342342342345 0.25313116738140895
6.244144144144144 0.2528315037202822
6.254054054054055 0.25253266046266454
6.263963963963964 0.2522346341229317
6.273873873873875 0.2519374212353273
6.283783783783784 0.2516410183537904
6.293693693693694 0.25134542205186566
6.303603603603604 0.2510506289225215
6.313513513513514 0.25075663557801947
6.3234234234234235 0.2504634386498062
6.333333333333334 0.2501710347883486
6.3432432432432435 0.24987942066302704
6.353153153153153 0.24958859296196434
6.363063063063064 0.24929854839194926
6.372972972972973 0.24900928367825248
6.382882882882884 0.24872079556452983
6.392792792792793 0.2484330808126879
6.402702702702703 0.248146136202749
6.412612612612613 0.24785995853275009
6.422522522522523 0.24757454461858497
6.4324324324324325 0.24728989129389595
6.442342342342343 0.2470059954099454
6.4522522522522525 0.24672285383551562
6.462162162162162 0.24644046345676937
6.472072072072073 0.24615882117710478
6.481981981981982 0.24587792391710206
6.491891891891893 0.2455977686143511
6.501801801801802 0.24531835222335988
6.511711711711712 0.2450396717153934
6.521621621621622 0.244761724078445
6.531531531531532 0.24448450631705487
6.5414414414414415 0.2442080154521933
6.551351351351352 0.2439322485212085
6.5612612612612615 0.24365720257763585
6.571171171171171 0.2433828746911605
6.581081081081082 0.24310926194745422
6.590990990990991 0.2428363614480947
6.600900900900902 0.24256417031047237
6.610810810810811 0.24229268566762097
6.620720720720721 0.2420219046681858
6.630630630630631 0.24175182447626903
6.640540540540541 0.24148244227133925
6.6504504504504505 0.24121375524814556
6.660360360360361 0.24094576061659773
6.6702702702702705 0.24067845560163895
6.680180180180181 0.24041183744320171
6.690090090090091 0.24014590339608188
6.7 0.23988065072979556
6.709909909909911 0.2396160767285732
6.71981981981982 0.23935217869114564
6.72972972972973 0.23908895393077392
6.73963963963964 0.23882639977503192
6.74954954954955 0.2385645135658229
6.7594594594594595 0.23830329265916292
6.76936936936937 0.23804273442521426
6.7792792792792795 0.23778283624809815
6.78918918918919 0.23752359552584387
6.7990990990991 0.23726500967027453
6.809009009009009 0.23700707610695287
6.81891891891892 0.23674979227502552
6.828828828828829 0.23649315562722137
6.838738738738739 0.23623716362969788
6.848648648648649 0.23598181376194807
6.858558558558559 0.23572710351675819
6.8684684684684685 0.23547303040009504
6.878378378378379 0.2352195919310031
6.8882882882882885 0.2349667856415824
6.898198198198199 0.23471460907680086
6.908108108108109 0.23446305979451182
6.918018018018018 0.23421213536529362
6.927927927927929 0.233961833372442
6.937837837837838 0.23371215141178306
6.947747747747748 0.23346308709169902
6.957657657657658 0.233214638033003
6.967567567567568 0.2329668018688168
6.9774774774774775 0.2327195762445815
6.987387387387388 0.2324729588179031
6.9972972972972975 0.23222694725847415
7.007207207207208 0.2319815392480607
7.017117117117118 0.2317367324803524
7.027027027027027 0.23149252466095105
7.036936936936938 0.23124891350722235
7.046846846846847 0.2310058967482879
7.056756756756757 0.23076347212488246
7.066666666666667 0.23052163738938167
7.076576576576577 0.23028039030557748
7.0864864864864865 0.23003972864877528
7.096396396396397 0.2297996502055782
7.1063063063063066 0.22956015277389188
7.116216216216217 0.2293212341628403
7.126126126126127 0.22908289219266492
7.136036036036036 0.22884512469471519
7.145945945945947 0.22860792951130401
7.155855855855856 0.22837130449569998
7.165765765765766 0.22813524751200148
7.175675675675676 0.22789975643513372
7.185585585585586 0.2276648291507123
7.195495495495496 0.22743046355504823
7.205405405405406 0.22719665755500298
7.215315315315316 0.22696340906798754
7.225225225225226 0.22673071602185813
7.235135135135136 0.226498576354864
7.245045045045045 0.22626698801557138
7.254954954954956 0.2260359489628244
7.264864864864865 0.22580545716565142
7.274774774774775 0.2255755106032107
7.284684684684685 0.22534610726475995
7.294594594594595 0.22511724514952428
7.304504504504505 0.22488892226671653
7.314414414414415 0.2246611366353759
7.324324324324325 0.2244338862844258
7.334234234234235 0.22420716925251727
7.344144144144145 0.2239809835879968
7.354054054054054 0.22375532734887024
7.363963963963965 0.22353019860271395
7.373873873873874 0.2233055954266316
7.383783783783784 0.22308151590717562
7.393693693693694 0.22285795814034806
7.403603603603604 0.22263492023143466
7.413513513513514 0.22241240029506884
7.423423423423424 0.22219039645507874
7.433333333333334 0.22196890684446707
7.443243243243244 0.2217479296054065
7.453153153153154 0.22152746288906872
7.463063063063063 0.22130750485568815
7.472972972972974 0.22108805367440826
7.482882882882883 0.2208691075233313
7.492792792792793 0.22065066458933336
7.502702702702703 0.22043272306813533
7.512612612612613 0.22021528116417244
7.522522522522523 0.2199983370905696
7.532432432432433 0.2197818890691193
7.542342342342343 0.21956593533012603
7.552252252252253 0.2193504741124786
7.562162162162163 0.21913550366353696
7.572072072072072 0.2189210222390583
7.581981981981983 0.218707028103198
7.591891891891892 0.2184935195284284
7.601801801801802 0.21828049479553496
7.611711711711712 0.21806795219344094
7.621621621621622 0.21785589001935743
7.631531531531532 0.21764430657853379
7.641441441441442 0.21743320018433315
7.651351351351352 0.21722256915815782
7.661261261261262 0.21701241182938102
7.671171171171172 0.21680272653530527
7.681081081081081 0.21659351162114865
7.690990990990992 0.21638476543994858
7.700900900900901 0.2161764863525118
7.710810810810811 0.21596867272744744
7.720720720720721 0.21576132294104572
7.730630630630631 0.21555443537724037
7.740540540540541 0.2153480084275821
7.750450450450451 0.21514204049120444
7.760360360360361 0.21493652997474694
7.770270270270271 0.21473147529232578
7.780180180180181 0.21452687486551758
7.79009009009009 0.21432272712326267
7.800000000000001 0.21411903050183662
7.80990990990991 0.213915783444854
7.819819819819821 0.21371298440317388
7.82972972972973 0.21351063183487382
7.83963963963964 0.21330872420522123
7.84954954954955 0.2131072599865816
7.85945945945946 0.21290623765845648
7.86936936936937 0.2127056557073653
7.87927927927928 0.21250551262687575
7.88918918918919 0.21230580691747744
7.899099099099099 0.2121065370866453
7.90900900900901 0.21190770164870668
7.918918918918919 0.21170929912482103
7.92882882882883 0.21151132804301745
7.938738738738739 0.21131378693805275
7.948648648648649 0.21111667435142517
7.958558558558559 0.21091998883130678
7.968468468468469 0.21072372893257407
7.978378378378379 0.2105278932166588
7.988288288288289 0.2103324802516159
7.998198198198199 0.2101374886120318
8.00810810810811 0.20994291687899194
8.018018018018019 0.2097487636400276
8.027927927927928 0.20955502748912336
8.03783783783784 0.20936170702666462
8.04774774774775 0.20916880085936396
8.057657657657659 0.2089763076002503
8.067567567567568 0.20878422586867879
8.077477477477478 0.2085925542902398
8.087387387387388 0.20840129149666858
8.097297297297299 0.20821043612598308
8.107207207207209 0.20801998682227293
8.117117117117118 0.2078299422357595
8.127027027027028 0.20764030102271192
8.136936936936937 0.2074510618454914
8.146846846846847 0.20726222337238878
8.156756756756756 0.20707378427773734
8.166666666666668 0.20688574324175577
8.176576576576577 0.20669809895060404
8.186486486486487 0.20651085009629674
8.196396396396397 0.20632399537668153
8.206306306306306 0.20613753349540123
8.216216216216218 0.20595146316190274
8.226126126126127 0.2057657830913426
8.236036036036037 0.20558049200460526
8.245945945945946 0.2053955886282607
8.255855855855856 0.20521107169446212
8.265765765765765 0.20502693994106538
8.275675675675677 0.20484319211142876
8.285585585585586 0.20465982695452117
8.295495495495496 0.20447684322482024
8.305405405405406 0.2042942396822357
8.315315315315315 0.20411201509223773
8.325225225225227 0.20393016822561727
8.335135135135136 0.20374869785862676
8.345045045045046 0.20356760277290864
8.354954954954955 0.2033868817554063
8.364864864864865 0.20320653359834898
8.374774774774774 0.20302655709931175
8.384684684684686 0.20284695106108108
8.394594594594595 0.2026677142916845
8.404504504504505 0.2024888456043163
8.414414414414415 0.20231034381736054
8.424324324324324 0.20213220775433247
8.434234234234236 0.20195443624389622
8.444144144144145 0.2017770281197076
8.454054054054055 0.20159998222056405
8.463963963963964 0.20142329739026502
8.473873873873874 0.20124697247757264
8.483783783783784 0.2010710063362745
