Prueba/Flux_Spectrum.dat
# %ECSV 1.0
# ---
# datatype:
# - {name: Frequency ratio, datatype: float64}
# - {name: Flux spectrum, unit: J / m2, datatype: float64}
# meta:
#   __serialized_columns__:
#     Flux spectrum:
#       __class__: astropy.units.quantity.Quantity
#       unit: !astropy.units.Unit {unit: J / m2}
#       value: !astropy.table.SerializedColumn {name: Flux spectrum}
#     Frequency ratio:
#       __class__: astropy.units.quantity.Quantity
#       unit: !astropy.units.Unit {unit: ''}
#       value: !astropy.table.SerializedColumn {name: Frequency ratio}
#   name: Flux Spectrum Table
# schema: astropy-2.0
"Frequency ratio" "Flux spectrum"
0.1 0.00316227766016838
0.10990990990990991 0.0040049041796349485
0.11981981981981983 0.004969602533494482
0.12972972972972974 0.006061760637687561
0.13963963963963966 0.007286547468224197
0.14954954954954958 0.008648937786091408
0.15945945945945947 0.010153732528129785
0.1693693693693694 0.011805575859036082
0.17927927927927928 0.013608969603641625
0.1891891891891892 0.015568285590826271
0.19909909909909912 0.017687776309334012
0.20900900900900904 0.01997158418216791
0.21891891891891893 0.0224237496980955
0.22882882882882885 0.02504821858829784
0.23873873873873877 0.027848848198183725
0.24864864864864866 0.030829413175372185
0.2585585585585586 0.0339936105724084
0.2684684684684685 0.037345064445226735
0.2783783783783784 0.04088733001449931
0.28828828828828834 0.044623897445932065
0.29819819819819826 0.04855819529664936
0.3081081081081081 0.052693593667563494
0.31801801801801804 0.05703340709569699
0.32792792792792796 0.061580897215539686
0.33783783783783783 0.06633927521446943
0.34774774774774775 0.07131170410388024
0.35765765765765767 0.07650130082479703
0.3675675675675676 0.08191113820413916
0.3774774774774775 0.08754424677422594
0.3873873873873874 0.0934036164583222
0.39729729729729735 0.09949219809058381
0.40720720720720727 0.1058129046303547
0.4171171171171172 0.11236861164738703
0.4270270270270271 0.11916215604217846
0.436936936936937 0.12619633086664359
0.44684684684684695 0.13347387247406406
0.45675675675675675 0.14099743423971844
0.4666666666666667 0.14876953924054662
0.4765765765765766 0.15679250327026528
0.4864864864864865 0.1650683201003349
0.49639639639639643 0.17359850340075694
0.5063063063063064 0.18238388414280374
0.5162162162162163 0.19142436802499488
0.5261261261261262 0.20071866351554496
0.5360360360360361 0.2102639963884464
0.545945945945946 0.2200558302033592
0.555855855855856 0.2300876134629765
0.5657657657657659 0.24035057304715968
0.5756756756756757 0.25083357025870695
0.5855855855855856 0.26152303100673213
0.5954954954954955 0.27240295602941833
0.6054054054054054 0.28345501134452
0.6153153153153154 0.2946586939260415
0.6252252252252253 0.30599156337503697
0.6351351351351352 0.3174295273225694
0.6450450450450451 0.32894716653592604
0.654954954954955 0.3405180851158507
0.664864864864865 0.35211527159723705
0.6747747747747748 0.3637114579709514
0.6846846846846847 0.37527946538837864
0.6945945945945946 0.3867925273643747
0.7045045045045045 0.39822458346121536
0.7144144144144144 0.4095505385586312
0.7243243243243244 0.4207464847782605
0.7342342342342343 0.43178988485974545
0.7441441441441442 0.4426597172395002
0.7540540540540541 0.4533365842487754
0.763963963963964 0.46380278573256756
0.773873873873874 0.4740423610169391
0.7837837837837839 0.4840411025499077
0.7936936936936938 0.49378654474498473
0.8036036036036036 0.5032679316023931
0.8135135135135135 0.5124761666052219
0.8234234234234235 0.5214037482175803
0.8333333333333334 0.5300446940766755
0.8432432432432433 0.5383944566939148
0.8531531531531532 0.5464498331807485
0.8630630630630631 0.5542088712081652
0.872972972972973 0.5616707731061276
0.882882882882883 0.5688357997193062
0.8927927927927929 0.5757051753641302
0.9027027027027028 0.5822809949831714
0.9126126126126127 0.5885661343682659
0.9225225225225226 0.594564164124282
0.9324324324324325 0.6002792678707717
0.9423423423423424 0.6057161650279417
0.9522522522522523 0.6108800384049429
0.9621621621621622 0.6157764667006581
0.9720720720720721 0.6204113619380031
0.981981981981982 0.624790911780261
0.991891891891892 0.6289215266201837
1.001801801801802 0.6328097912875987
1.0117117117117118 0.6364624211873087
1.0216216216216218 0.6398862226545236
1.0315315315315317 0.6430880572984161
1.0414414414414417 0.6460748100943629
1.0513513513513515 0.6488533609807939
1.0612612612612613 0.6514305597163443
1.0711711711711713 0.6538132037562624
1.0810810810810811 0.6560080189130233
1.0909909909909912 0.6580216425741781
1.1009009009009012 0.6598606092600797
1.110810810810811 0.6615313383148147
1.1207207207207208 0.6630401235350533
1.1306306306306309 0.6643931245532978
1.1405405405405407 0.6655963598039175
1.1504504504504507 0.6666557009121936
1.1603603603603605 0.6675768683582259
1.1702702702702705 0.6683654282788261
1.1801801801801803 0.6690267902813835
1.1900900900900904 0.6695662061540469
1.2000000000000002 0.6699887693663956
1.2099099099099102 0.6702994152640426
1.21981981981982 0.6705029218693048
1.22972972972973 0.6706039112082093
1.2396396396396399 0.6706068510916509
1.2495495495495497 0.6705160572855366
1.2594594594594597 0.6703356960112223
1.2693693693693695 0.6700697867235157
1.2792792792792795 0.6697222051189997
1.2891891891891893 0.669296686332459
1.2990990990990994 0.6687968282837784
1.3090090090090092 0.6682260951418793
1.3189189189189192 0.6675878208760604
1.328828828828829 0.6668852128685901
1.338738738738739 0.6661213555655164
1.3486486486486489 0.6652992141455157
1.358558558558559 0.6644216381891588
1.3684684684684687 0.663491365333283
1.3783783783783785 0.66251102489724
1.3882882882882885 0.6614831414696545
1.3981981981981983 0.6604101384459985
1.4081081081081084 0.6592943415087877
1.4180180180180182 0.6581379820435317
1.4279279279279282 0.6569432004847677
1.437837837837838 0.6557120495875556
1.447747747747748 0.6544464976207534
1.4576576576576579 0.6531484314792183
1.467567567567568 0.6518196597128054
1.4774774774774777 0.6504619154706834
1.4873873873873877 0.6490768593600419
1.4972972972972975 0.6476660822187582
1.5072072072072074 0.646231107802027
1.5171171171171174 0.6447733953833011
1.5270270270270272 0.6432943422702425
1.5369369369369372 0.6417952862366226
1.546846846846847 0.6402775078713668
1.556756756756757 0.6387422328461142
1.5666666666666669 0.6371906341028374
1.576576576576577 0.6356238339631959
1.5864864864864867 0.6340429061614024
1.5963963963963967 0.632448877802472
1.6063063063063066 0.6308427312477838
1.6162162162162166 0.629225405929937
1.6261261261261264 0.6275978000989186
1.6360360360360362 0.6259607725016054
1.6459459459459462 0.6243151439966549
1.655855855855856 0.6226616991068142
1.665765765765766 0.6210011875106782
1.6756756756756759 0.6193343254759094
1.685585585585586 0.6176617972359044
1.6954954954954957 0.6159842563118602
1.7054054054054057 0.6143023267821667
1.7153153153153156 0.6126166045010084
1.7252252252252256 0.6109276582680151
1.7351351351351354 0.6092360309507681
1.7450450450450454 0.6075422405619066
1.7549549549549552 0.6058467812925546
1.764864864864865 0.6041501245037149
1.774774774774775 0.6024527196772546
1.7846846846846849 0.6007549953280319
1.794594594594595 0.5990573598786926
1.8045045045045047 0.5973602024985863
1.8144144144144148 0.5956638939082319
1.8243243243243246 0.5939687871506927
1.8342342342342346 0.5922752183311848
1.8441441441441444 0.5905835073261964
1.8540540540540544 0.5888939584633455
1.8639639639639642 0.5872068611731567
1.8738738738738743 0.5855224906139047
1.883783783783784 0.5838411082706164
1.893693693693694 0.582162962529296
1.903603603603604 0.5804882892273784
1.9135135135135137 0.5788173121813995
1.9234234234234238 0.5771502436928116
1.9333333333333336 0.5754872850328594
1.9432432432432436 0.5738286269073664
1.9531531531531534 0.5721744499022786
1.9630630630630634 0.570524924910758
1.9729729729729732 0.5688802135425879
1.9828828828828833 0.5672404685166349
1.992792792792793 0.5656058340370669
2.002702702702703 0.5639764461540051
2.012612612612613 0.5623524331092564
2.0225225225225225 0.5607339156677579
2.0324324324324325 0.5591210074353132
2.0423423423423426 0.5575138151632102
2.0522522522522526 0.5559124390402581
2.062162162162162 0.5543169729727663
2.0720720720720722 0.5527275048529813
2.0819819819819823 0.5511441168164437
2.0918918918918923 0.549566885488753
2.1018018018018023 0.5479958822221545
2.111711711711712 0.5464311733223962
2.121621621621622 0.5448728202662473
2.131531531531532 0.5433208799100709
2.1414414414414416 0.54177540468983
2.1513513513513516 0.5402364428128665
2.1612612612612616 0.5387040384418219
2.1711711711711716 0.5371782318709962
2.1810810810810812 0.5356590596954831
2.1909909909909913 0.5341465549733709
2.2009009009009013 0.5326407473812927
2.2108108108108113 0.5311416633636136
2.220720720720721 0.5296493262755065
2.230630630630631 0.528163756520177
2.240540540540541 0.5266849716804749
2.250450450450451 0.5252129866451258
2.2603603603603606 0.5237478137298024
2.2702702702702706 0.5222894627932556
2.2801801801801806 0.5208379413486977
2.2900900900900902 0.5193932546706365
2.3000000000000003 0.5179554058973601
2.3099099099099103 0.5165243961292256
2.3198198198198203 0.5151002245229468
2.32972972972973 0.5136828883820341
2.33963963963964 0.5122723832435406
2.34954954954955 0.5108687029612795
2.35945945945946 0.5094718397856363
2.3693693693693696 0.508081784440133
2.3792792792792796 0.5066985261948705
2.3891891891891897 0.505322052936965
2.3990990990990992 0.5039523512381235
2.4090090090090093 0.5025894064194474
2.4189189189189193 0.5012332026136039
2.4288288288288293 0.49988372282444604
2.438738738738739 0.4985409489842048
2.448648648648649 0.4972048620083401
2.458558558558559 0.49587544184814925
2.468468468468469 0.49455266754121807
2.4783783783783786 0.4932365172598125
2.4882882882882886 0.4919269683572811
2.4981981981981987 0.4906239974125571
2.5081081081081087 0.4893275802728298
2.5180180180180183 0.48803769209446457
2.5279279279279283 0.48675430738223807
2.5378378378378383 0.48547740002695755
2.547747747747748 0.4842069433415257
2.557657657657658 0.482942910095522
2.567567567567568 0.481685272548343
2.577477477477478 0.48043400248097606
2.5873873873873876 0.4791890712264602
2.5972972972972976 0.4779504496990641
2.6072072072072077 0.4767181084222631
2.6171171171171177 0.47549201755554216
2.6270270270270273 0.47427214692007774
2.6369369369369373 0.4730584660233452
2.6468468468468473 0.471850944082684
2.656756756756757 0.4706495500478851
2.666666666666667 0.4694542526228074
2.676576576576577 0.46826502028608746
2.686486486486487 0.4670818213109695
2.6963963963963966 0.46590462378428477
2.7063063063063066 0.46473339562462473
2.7162162162162167 0.46356810459973147
2.7261261261261267 0.46240871834313474
2.7360360360360363 0.46125520437008055
2.7459459459459463 0.46010753009276095
2.7558558558558564 0.4589656628348739
2.765765765765766 0.4578295698455637
2.775675675675676 0.4566992183127281
2.785585585585586 0.4555745753757468
2.795495495495496 0.4544556081376498
2.8054054054054056 0.4533422836767347
2.8153153153153156 0.45223456905765597
2.8252252252252257 0.45113243134203423
2.8351351351351357 0.4500358375985609
2.8450450450450453 0.44894475491265223
2.8549549549549553 0.4478591503956626
2.8648648648648654 0.4467789911936582
2.8747747747747754 0.44570424449578866
2.884684684684685 0.4446348775422721
2.894594594594595 0.4435708576319815
2.904504504504505 0.4425121521296899
2.9144144144144146 0.4414587284729501
2.9243243243243247 0.4404105541786458
2.9342342342342347 0.4393675968492255
2.9441441441441447 0.4383298241786145
2.9540540540540543 0.43729720395784466
2.9639639639639643 0.4362697040803787
2.9738738738738744 0.4352472925471887
2.9837837837837844 0.4342299374715434
2.993693693693694 0.43321760708356066
3.003603603603604 0.4322102697345086
3.013513513513514 0.43120789390087766
3.0234234234234236 0.4302104481882274
3.0333333333333337 0.4292179013348238
3.0432432432432437 0.4282302222150556
3.0531531531531537 0.4272473798426707
3.0630630630630633 0.426269343373815
3.0729729729729733 0.42529608210987757
3.0828828828828834 0.4243275655001892
3.0927927927927934 0.4233637631445142
3.102702702702703 0.42240464479542444
3.112612612612613 0.4214501803604774
3.122522522522523 0.42050033990427527
3.132432432432433 0.41955509365036747
3.1423423423423427 0.4186144119830239
3.1522522522522527 0.41767826544887415
3.1621621621621627 0.4167466247584105
3.1720720720720723 0.4158194607873967
3.1819819819819823 0.41489674457813525
3.1918918918918924 0.4139784473406369
3.2018018018018024 0.41306454045368407
3.211711711711712 0.41215499546578865
3.221621621621622 0.41124978409604723
3.231531531531532 0.41034887823492655
3.241441441441442 0.40945224994492724
3.2513513513513517 0.4085598714611869
3.2612612612612617 0.40767171519198564
3.2711711711711717 0.40678775371918874
3.2810810810810813 0.4059079597985988
3.2909909909909913 0.40503230636024706
3.3009009009009014 0.40416076650860994
3.3108108108108114 0.40329331352275866
3.320720720720721 0.40242992085646095
3.330630630630631 0.4015705621381976
3.340540540540541 0.40071521117114595
3.350450450450451 0.39986384193309865
3.3603603603603607 0.3990164285763184
3.3702702702702707 0.39817294542737086
3.3801801801801807 0.39733336698687777
3.3900900900900908 0.39649766792925506
3.4000000000000004 0.3956658231023841
3.4099099099099104 0.3948378075272552
3.4198198198198204 0.3940135963975614
3.42972972972973 0.39319316507927327
3.43963963963964 0.3923764891101558
3.44954954954955 0.3915635441992593
3.45945945945946 0.39075430622639856
3.4693693693693697 0.38994875124156064
3.4792792792792797 0.38914685546432076
3.4891891891891897 0.3883485952832176
3.4990990990990998 0.38755394725509057
3.5090090090090094 0.38676288810441684
3.5189189189189194 0.38597539472260073
3.5288288288288294 0.38519144416725953
3.538738738738739 0.3844110136614758
3.548648648648649 0.3836340805930361
3.558558558558559 0.3828606225136542
3.568468468468469 0.3820906171381678
3.5783783783783787 0.3813240423437236
3.5882882882882887 0.3805608761689506
3.5981981981981987 0.3798010968131131
3.608108108108109 0.37904468263525803
3.6180180180180184 0.37829161215333
3.6279279279279284 0.37754186404330226
3.6378378378378384 0.3767954171382805
3.6477477477477485 0.37605225042759555
3.657657657657658 0.37531234305588324
3.667567567567568 0.3745756743221843
3.677477477477478 0.37384222367898695
3.6873873873873877 0.3731119707313045
3.6972972972972977 0.37238489523573776
3.7072072072072078 0.3716609770995055
3.717117117117118 0.3709401963795007
3.7270270270270274 0.3702225332813251
3.7369369369369374 0.3695079681583357
3.7468468468468474 0.3687964815106494
3.7567567567567575 0.36808805398419986
3.766666666666667 0.36738266636974104
3.776576576576577 0.36668029960187415
3.786486486486487 0.3659809347580748
3.7963963963963967 0.3652845530576981
3.8063063063063067 0.3645911358610069
3.8162162162162168 0.3639006646681799
3.826126126126127 0.3632131211183333
3.8360360360360364 0.3625284869885283
3.8459459459459464 0.3618467441927912
3.8558558558558564 0.36116787478113394
3.8657657657657665 0.3604918609385545
3.875675675675676 0.359818684984076
3.885585585585586 0.3591483293697484
3.895495495495496 0.3584807766796821
3.9054054054054057 0.3578160096290572
3.9153153153153157 0.35715401106315914
3.9252252252252258 0.3564947639563997
3.935135135135136 0.3558382514113538
3.9450450450450454 0.3551844566577802
3.9549549549549554 0.3545333630516645
3.9648648648648654 0.35388495407426296
3.9747747747747755 0.35323921333113284
3.984684684684685 0.3525961245511799
3.994594594594595 0.3519556715857166
4.004504504504505 0.35131783840751013
4.014414414414415 0.3506826091098335
4.024324324324325 0.3500499679055305
4.034234234234234 0.34941989912608207
4.044144144144145 0.3487923872206829
4.054054054054054 0.3481674167552998
4.063963963963964 0.34754497241176285
4.0738738738738745 0.34692503898683746
4.083783783783784 0.3463076013913339
4.093693693693694 0.3456926446491734
4.103603603603604 0.34508015389649976
4.113513513513514 0.34447011438079067
4.123423423423423 0.3438625114599477
4.133333333333334 0.3432573306014219
4.143243243243243 0.3426545573813294
4.153153153153153 0.34205417748357975
4.163063063063063 0.3414561766989906
4.172972972972973 0.34086054092444046
4.182882882882883 0.3402672561619954
4.192792792792793 0.3396763085180726
4.202702702702703 0.3390876842025603
4.212612612612613 0.33850136952800813
4.222522522522523 0.3379173509087778
4.232432432432432 0.3373356148601901
4.242342342342343 0.3367561479977387
4.252252252252252 0.33617893703623575
4.262162162162162 0.3356039687890113
